(kicad_pcb (version 20171130) (host pcbnew 5.1.9-5.1.9)

  (general
    (thickness 1.6)
    (drawings 9)
    (tracks 216)
    (zones 0)
    (modules 36)
    (nets 31)
  )

  (page A4)
  (layers
    (0 F.Cu signal)
    (31 B.Cu signal)
    (32 B.Adhes user)
    (33 F.Adhes user)
    (34 B.Paste user)
    (35 F.Paste user)
    (36 B.SilkS user)
    (37 F.SilkS user)
    (38 B.Mask user)
    (39 F.Mask user)
    (40 Dwgs.User user)
    (41 Cmts.User user)
    (42 Eco1.User user)
    (43 Eco2.User user)
    (44 Edge.Cuts user)
    (45 Margin user)
    (46 B.CrtYd user)
    (47 F.CrtYd user)
    (48 B.Fab user)
    (49 F.Fab user)
  )

  (setup
    (last_trace_width 0.25)
    (trace_clearance 0.2)
    (zone_clearance 0.508)
    (zone_45_only no)
    (trace_min 0.2)
    (via_size 0.8)
    (via_drill 0.4)
    (via_min_size 0.4)
    (via_min_drill 0.3)
    (uvia_size 0.3)
    (uvia_drill 0.1)
    (uvias_allowed no)
    (uvia_min_size 0.2)
    (uvia_min_drill 0.1)
    (edge_width 0.05)
    (segment_width 0.2)
    (pcb_text_width 0.3)
    (pcb_text_size 1.5 1.5)
    (mod_edge_width 0.12)
    (mod_text_size 1 1)
    (mod_text_width 0.15)
    (pad_size 1.524 1.524)
    (pad_drill 0.762)
    (pad_to_mask_clearance 0)
    (aux_axis_origin 0 0)
    (visible_elements FFFFFF7F)
    (pcbplotparams
      (layerselection 0x010fc_ffffffff)
      (usegerberextensions false)
      (usegerberattributes true)
      (usegerberadvancedattributes true)
      (creategerberjobfile false)
      (excludeedgelayer true)
      (linewidth 0.100000)
      (plotframeref false)
      (viasonmask false)
      (mode 1)
      (useauxorigin false)
      (hpglpennumber 1)
      (hpglpenspeed 20)
      (hpglpendiameter 15.000000)
      (psnegative false)
      (psa4output false)
      (plotreference true)
      (plotvalue false)
      (plotinvisibletext false)
      (padsonsilk true)
      (subtractmaskfromsilk false)
      (outputformat 1)
      (mirror false)
      (drillshape 0)
      (scaleselection 1)
      (outputdirectory "Gerber/"))
  )

  (net 0 "")
  (net 1 "Net-(C1-Pad1)")
  (net 2 GND)
  (net 3 "Net-(C3-Pad1)")
  (net 4 VCC)
  (net 5 "Net-(C5-Pad2)")
  (net 6 "Net-(C6-Pad1)")
  (net 7 "Net-(C7-Pad2)")
  (net 8 "Net-(C8-Pad1)")
  (net 9 "Net-(C9-Pad1)")
  (net 10 "Net-(C9-Pad2)")
  (net 11 "Net-(C10-Pad2)")
  (net 12 "Net-(C10-Pad1)")
  (net 13 VAA)
  (net 14 "Net-(C12-Pad2)")
  (net 15 "Net-(C12-Pad1)")
  (net 16 "Net-(C13-Pad1)")
  (net 17 "Net-(C13-Pad2)")
  (net 18 PTT)
  (net 19 "Net-(IC1-Pad2)")
  (net 20 "Net-(IC1-Pad7)")
  (net 21 "Net-(IC1-Pad9)")
  (net 22 "Net-(IC1-Pad14)")
  (net 23 "Net-(IC2-Pad3)")
  (net 24 "Net-(IC2-Pad5)")
  (net 25 "Net-(J1-Pad1)")
  (net 26 "Net-(J2-Pad1)")
  (net 27 "Net-(J3-Pad1)")
  (net 28 "Net-(R3-Pad2)")
  (net 29 "Net-(R4-Pad2)")
  (net 30 "Net-(J3-PadG1)")

  (net_class Default "This is the default net class."
    (clearance 0.2)
    (trace_width 0.25)
    (via_dia 0.8)
    (via_drill 0.4)
    (uvia_dia 0.3)
    (uvia_drill 0.1)
    (add_net GND)
    (add_net "Net-(C1-Pad1)")
    (add_net "Net-(C10-Pad1)")
    (add_net "Net-(C10-Pad2)")
    (add_net "Net-(C12-Pad1)")
    (add_net "Net-(C12-Pad2)")
    (add_net "Net-(C13-Pad1)")
    (add_net "Net-(C13-Pad2)")
    (add_net "Net-(C3-Pad1)")
    (add_net "Net-(C5-Pad2)")
    (add_net "Net-(C6-Pad1)")
    (add_net "Net-(C7-Pad2)")
    (add_net "Net-(C8-Pad1)")
    (add_net "Net-(C9-Pad1)")
    (add_net "Net-(C9-Pad2)")
    (add_net "Net-(IC1-Pad14)")
    (add_net "Net-(IC1-Pad2)")
    (add_net "Net-(IC1-Pad7)")
    (add_net "Net-(IC1-Pad9)")
    (add_net "Net-(IC2-Pad3)")
    (add_net "Net-(IC2-Pad5)")
    (add_net "Net-(J1-Pad1)")
    (add_net "Net-(J2-Pad1)")
    (add_net "Net-(J3-Pad1)")
    (add_net "Net-(J3-PadG1)")
    (add_net "Net-(R3-Pad2)")
    (add_net "Net-(R4-Pad2)")
    (add_net PTT)
    (add_net VAA)
    (add_net VCC)
  )

  (module kicad:RFSOLUTIONS_CON-SMA-EDGE-S (layer F.Cu) (tedit 601E72D1) (tstamp 601B1722)
    (at 126.492 88.9 270)
    (path /6015E555)
    (fp_text reference Cos (at 0.508 -5.588 180) (layer F.SilkS)
      (effects (font (size 1 1) (thickness 0.15)))
    )
    (fp_text value In_cos (at 0.508 -6.096 90) (layer F.Fab)
      (effects (font (size 1 1) (thickness 0.15)))
    )
    (fp_line (start -1.75 -3.175) (end -1.75 3.175) (layer F.Fab) (width 0.127))
    (fp_line (start -1.75 3.175) (end -3.4 3.175) (layer F.Fab) (width 0.127))
    (fp_line (start -3.4 3.175) (end -3.4 -3.175) (layer F.Fab) (width 0.127))
    (fp_line (start -3.4 -3.175) (end -1.75 -3.175) (layer F.Fab) (width 0.127))
    (fp_line (start -3.4 -3.175) (end -11.27 -3.175) (layer F.Fab) (width 0.127))
    (fp_line (start -11.27 -3.175) (end -11.27 3.175) (layer F.Fab) (width 0.127))
    (fp_line (start -11.27 3.175) (end -3.4 3.175) (layer F.Fab) (width 0.127))
    (fp_line (start -11.52 -3.7) (end 2.31 -3.7) (layer F.CrtYd) (width 0.05))
    (fp_line (start 2.31 -3.7) (end 2.31 3.7) (layer F.CrtYd) (width 0.05))
    (fp_line (start 2.31 3.7) (end -11.52 3.7) (layer F.CrtYd) (width 0.05))
    (fp_line (start -11.52 3.7) (end -11.52 -3.7) (layer F.CrtYd) (width 0.05))
    (fp_circle (center 2.4 0) (end 2.5 0) (layer F.Fab) (width 0.2))
    (fp_circle (center 2.4 0) (end 2.5 0) (layer F.SilkS) (width 0.2))
    (fp_line (start -1.75 3.175) (end -1.75 -3.175) (layer F.Fab) (width 0.127))
    (fp_line (start -1.75 -3.175) (end -3.4 -3.175) (layer F.Fab) (width 0.127))
    (fp_line (start -3.4 -3.175) (end -3.4 3.175) (layer F.Fab) (width 0.127))
    (fp_line (start -3.4 3.175) (end -1.75 3.175) (layer F.Fab) (width 0.127))
    (fp_line (start -3.4 3.175) (end -11.27 3.175) (layer F.Fab) (width 0.127))
    (fp_line (start -11.27 3.175) (end -11.27 -3.175) (layer F.Fab) (width 0.127))
    (fp_line (start -11.27 -3.175) (end -3.4 -3.175) (layer F.Fab) (width 0.127))
    (fp_line (start -11.52 3.7) (end 2.31 3.7) (layer B.CrtYd) (width 0.05))
    (fp_line (start 2.31 3.7) (end 2.31 -3.7) (layer B.CrtYd) (width 0.05))
    (fp_line (start 2.31 -3.7) (end -11.52 -3.7) (layer B.CrtYd) (width 0.05))
    (fp_line (start -11.52 -3.7) (end -11.52 3.7) (layer B.CrtYd) (width 0.05))
    (fp_text user %R (at 4.79 0 180) (layer F.Fab)
      (effects (font (size 1 1) (thickness 0.15)))
    )
    (fp_text user Value (at 0.032 4.4064 90) (layer Dwgs.User)
      (effects (font (size 0.64 0.64) (thickness 0.015)))
    )
    (fp_text user Name (at -0.3744 -4.4064 90) (layer Dwgs.User)
      (effects (font (size 0.64 0.64) (thickness 0.015)))
    )
    (pad G4 smd rect (at 0 2.7 270) (size 3.5 1.5) (layers B.Cu B.Paste B.Mask)
      (net 2 GND))
    (pad G3 smd rect (at 0 -2.7 270) (size 3.5 1.5) (layers B.Cu B.Paste B.Mask)
      (net 2 GND))
    (pad G2 smd rect (at 0 2.7 270) (size 3.5 1.5) (layers F.Cu F.Paste F.Mask)
      (net 2 GND))
    (pad G1 smd rect (at 0 -2.7 270) (size 3.5 1.5) (layers F.Cu F.Paste F.Mask)
      (net 2 GND))
    (pad 1 smd rect (at 0 0 270) (size 3.5 1.5) (layers F.Cu F.Paste F.Mask)
      (net 25 "Net-(J1-Pad1)"))
  )

  (module kicad:RFSOLUTIONS_CON-SMA-EDGE-S (layer F.Cu) (tedit 601E72D1) (tstamp 601B1745)
    (at 115.316 88.9 270)
    (path /6015DEEC)
    (fp_text reference Sin (at 0.508 5.588 180) (layer F.SilkS)
      (effects (font (size 1 1) (thickness 0.15)))
    )
    (fp_text value In_sin (at 0.508 6 90) (layer F.Fab)
      (effects (font (size 1 1) (thickness 0.15)))
    )
    (fp_line (start -1.75 -3.175) (end -1.75 3.175) (layer F.Fab) (width 0.127))
    (fp_line (start -1.75 3.175) (end -3.4 3.175) (layer F.Fab) (width 0.127))
    (fp_line (start -3.4 3.175) (end -3.4 -3.175) (layer F.Fab) (width 0.127))
    (fp_line (start -3.4 -3.175) (end -1.75 -3.175) (layer F.Fab) (width 0.127))
    (fp_line (start -3.4 -3.175) (end -11.27 -3.175) (layer F.Fab) (width 0.127))
    (fp_line (start -11.27 -3.175) (end -11.27 3.175) (layer F.Fab) (width 0.127))
    (fp_line (start -11.27 3.175) (end -3.4 3.175) (layer F.Fab) (width 0.127))
    (fp_line (start -11.52 -3.7) (end 2.31 -3.7) (layer F.CrtYd) (width 0.05))
    (fp_line (start 2.31 -3.7) (end 2.31 3.7) (layer F.CrtYd) (width 0.05))
    (fp_line (start 2.31 3.7) (end -11.52 3.7) (layer F.CrtYd) (width 0.05))
    (fp_line (start -11.52 3.7) (end -11.52 -3.7) (layer F.CrtYd) (width 0.05))
    (fp_circle (center 2.4 0) (end 2.5 0) (layer F.Fab) (width 0.2))
    (fp_circle (center 2.4 0) (end 2.5 0) (layer F.SilkS) (width 0.2))
    (fp_line (start -1.75 3.175) (end -1.75 -3.175) (layer F.Fab) (width 0.127))
    (fp_line (start -1.75 -3.175) (end -3.4 -3.175) (layer F.Fab) (width 0.127))
    (fp_line (start -3.4 -3.175) (end -3.4 3.175) (layer F.Fab) (width 0.127))
    (fp_line (start -3.4 3.175) (end -1.75 3.175) (layer F.Fab) (width 0.127))
    (fp_line (start -3.4 3.175) (end -11.27 3.175) (layer F.Fab) (width 0.127))
    (fp_line (start -11.27 3.175) (end -11.27 -3.175) (layer F.Fab) (width 0.127))
    (fp_line (start -11.27 -3.175) (end -3.4 -3.175) (layer F.Fab) (width 0.127))
    (fp_line (start -11.52 3.7) (end 2.31 3.7) (layer B.CrtYd) (width 0.05))
    (fp_line (start 2.31 3.7) (end 2.31 -3.7) (layer B.CrtYd) (width 0.05))
    (fp_line (start 2.31 -3.7) (end -11.52 -3.7) (layer B.CrtYd) (width 0.05))
    (fp_line (start -11.52 -3.7) (end -11.52 3.7) (layer B.CrtYd) (width 0.05))
    (fp_text user %R (at 4.79 0 180) (layer F.Fab)
      (effects (font (size 1 1) (thickness 0.15)))
    )
    (fp_text user Value (at 0.032 4.4064 90) (layer Dwgs.User)
      (effects (font (size 0.64 0.64) (thickness 0.015)))
    )
    (fp_text user Name (at -0.3744 -4.4064 90) (layer Dwgs.User)
      (effects (font (size 0.64 0.64) (thickness 0.015)))
    )
    (pad G4 smd rect (at 0 2.7 270) (size 3.5 1.5) (layers B.Cu B.Paste B.Mask)
      (net 2 GND))
    (pad G3 smd rect (at 0 -2.7 270) (size 3.5 1.5) (layers B.Cu B.Paste B.Mask)
      (net 2 GND))
    (pad G2 smd rect (at 0 2.7 270) (size 3.5 1.5) (layers F.Cu F.Paste F.Mask)
      (net 2 GND))
    (pad G1 smd rect (at 0 -2.7 270) (size 3.5 1.5) (layers F.Cu F.Paste F.Mask)
      (net 2 GND))
    (pad 1 smd rect (at 0 0 270) (size 3.5 1.5) (layers F.Cu F.Paste F.Mask)
      (net 26 "Net-(J2-Pad1)"))
  )

  (module kicad:RFSOLUTIONS_CON-SMA-EDGE-S (layer F.Cu) (tedit 601E72D1) (tstamp 601DC555)
    (at 104.14 104.648)
    (path /6015CF98)
    (fp_text reference RF (at 0.127 -5.588 180) (layer F.SilkS)
      (effects (font (size 1 1) (thickness 0.15)))
    )
    (fp_text value In_RF (at 5 6) (layer F.Fab)
      (effects (font (size 1 1) (thickness 0.15)))
    )
    (fp_line (start -1.75 -3.175) (end -1.75 3.175) (layer F.Fab) (width 0.127))
    (fp_line (start -1.75 3.175) (end -3.4 3.175) (layer F.Fab) (width 0.127))
    (fp_line (start -3.4 3.175) (end -3.4 -3.175) (layer F.Fab) (width 0.127))
    (fp_line (start -3.4 -3.175) (end -1.75 -3.175) (layer F.Fab) (width 0.127))
    (fp_line (start -3.4 -3.175) (end -11.27 -3.175) (layer F.Fab) (width 0.127))
    (fp_line (start -11.27 -3.175) (end -11.27 3.175) (layer F.Fab) (width 0.127))
    (fp_line (start -11.27 3.175) (end -3.4 3.175) (layer F.Fab) (width 0.127))
    (fp_line (start -11.52 -3.7) (end 2.31 -3.7) (layer F.CrtYd) (width 0.05))
    (fp_line (start 2.31 -3.7) (end 2.31 3.7) (layer F.CrtYd) (width 0.05))
    (fp_line (start 2.31 3.7) (end -11.52 3.7) (layer F.CrtYd) (width 0.05))
    (fp_line (start -11.52 3.7) (end -11.52 -3.7) (layer F.CrtYd) (width 0.05))
    (fp_circle (center 2.4 0) (end 2.5 0) (layer F.Fab) (width 0.2))
    (fp_circle (center 2.4 0) (end 2.5 0) (layer F.SilkS) (width 0.2))
    (fp_line (start -1.75 3.175) (end -1.75 -3.175) (layer F.Fab) (width 0.127))
    (fp_line (start -1.75 -3.175) (end -3.4 -3.175) (layer F.Fab) (width 0.127))
    (fp_line (start -3.4 -3.175) (end -3.4 3.175) (layer F.Fab) (width 0.127))
    (fp_line (start -3.4 3.175) (end -1.75 3.175) (layer F.Fab) (width 0.127))
    (fp_line (start -3.4 3.175) (end -11.27 3.175) (layer F.Fab) (width 0.127))
    (fp_line (start -11.27 3.175) (end -11.27 -3.175) (layer F.Fab) (width 0.127))
    (fp_line (start -11.27 -3.175) (end -3.4 -3.175) (layer F.Fab) (width 0.127))
    (fp_line (start -11.52 3.7) (end 2.31 3.7) (layer B.CrtYd) (width 0.05))
    (fp_line (start 2.31 3.7) (end 2.31 -3.7) (layer B.CrtYd) (width 0.05))
    (fp_line (start 2.31 -3.7) (end -11.52 -3.7) (layer B.CrtYd) (width 0.05))
    (fp_line (start -11.52 -3.7) (end -11.52 3.7) (layer B.CrtYd) (width 0.05))
    (fp_text user %R (at 4.79 0 270) (layer F.Fab)
      (effects (font (size 1 1) (thickness 0.15)))
    )
    (fp_text user Value (at 0.032 4.4064) (layer Dwgs.User)
      (effects (font (size 0.64 0.64) (thickness 0.015)))
    )
    (fp_text user Name (at -0.3744 -4.4064) (layer Dwgs.User)
      (effects (font (size 0.64 0.64) (thickness 0.015)))
    )
    (pad G4 smd rect (at 0 2.7) (size 3.5 1.5) (layers B.Cu B.Paste B.Mask)
      (net 30 "Net-(J3-PadG1)"))
    (pad G3 smd rect (at 0 -2.7) (size 3.5 1.5) (layers B.Cu B.Paste B.Mask)
      (net 30 "Net-(J3-PadG1)"))
    (pad G2 smd rect (at 0 2.7) (size 3.5 1.5) (layers F.Cu F.Paste F.Mask)
      (net 30 "Net-(J3-PadG1)"))
    (pad G1 smd rect (at 0 -2.7) (size 3.5 1.5) (layers F.Cu F.Paste F.Mask)
      (net 30 "Net-(J3-PadG1)"))
    (pad 1 smd rect (at 0 0) (size 3.5 1.5) (layers F.Cu F.Paste F.Mask)
      (net 27 "Net-(J3-Pad1)"))
  )

  (module Connector_PinHeader_2.54mm:PinHeader_1x03_P2.54mm_Vertical (layer F.Cu) (tedit 59FED5CC) (tstamp 601C6BA0)
    (at 153.035 107.95 180)
    (descr "Through hole straight pin header, 1x03, 2.54mm pitch, single row")
    (tags "Through hole pin header THT 1x03 2.54mm single row")
    (path /601CEB5E)
    (fp_text reference Out (at 3.175 4.826 180) (layer F.SilkS)
      (effects (font (size 1 1) (thickness 0.15)))
    )
    (fp_text value Conn_01x03_Male (at 0 7.41) (layer F.Fab)
      (effects (font (size 1 1) (thickness 0.15)))
    )
    (fp_line (start -0.635 -1.27) (end 1.27 -1.27) (layer F.Fab) (width 0.1))
    (fp_line (start 1.27 -1.27) (end 1.27 6.35) (layer F.Fab) (width 0.1))
    (fp_line (start 1.27 6.35) (end -1.27 6.35) (layer F.Fab) (width 0.1))
    (fp_line (start -1.27 6.35) (end -1.27 -0.635) (layer F.Fab) (width 0.1))
    (fp_line (start -1.27 -0.635) (end -0.635 -1.27) (layer F.Fab) (width 0.1))
    (fp_line (start -1.33 6.41) (end 1.33 6.41) (layer F.SilkS) (width 0.12))
    (fp_line (start -1.33 1.27) (end -1.33 6.41) (layer F.SilkS) (width 0.12))
    (fp_line (start 1.33 1.27) (end 1.33 6.41) (layer F.SilkS) (width 0.12))
    (fp_line (start -1.33 1.27) (end 1.33 1.27) (layer F.SilkS) (width 0.12))
    (fp_line (start -1.33 0) (end -1.33 -1.33) (layer F.SilkS) (width 0.12))
    (fp_line (start -1.33 -1.33) (end 0 -1.33) (layer F.SilkS) (width 0.12))
    (fp_line (start -1.8 -1.8) (end -1.8 6.85) (layer F.CrtYd) (width 0.05))
    (fp_line (start -1.8 6.85) (end 1.8 6.85) (layer F.CrtYd) (width 0.05))
    (fp_line (start 1.8 6.85) (end 1.8 -1.8) (layer F.CrtYd) (width 0.05))
    (fp_line (start 1.8 -1.8) (end -1.8 -1.8) (layer F.CrtYd) (width 0.05))
    (fp_text user %R (at 0 2.54 90) (layer F.Fab)
      (effects (font (size 1 1) (thickness 0.15)))
    )
    (pad 3 thru_hole oval (at 0 5.08 180) (size 1.7 1.7) (drill 1) (layers *.Cu *.Mask)
      (net 15 "Net-(C12-Pad1)"))
    (pad 2 thru_hole oval (at 0 2.54 180) (size 1.7 1.7) (drill 1) (layers *.Cu *.Mask)
      (net 2 GND))
    (pad 1 thru_hole rect (at 0 0 180) (size 1.7 1.7) (drill 1) (layers *.Cu *.Mask)
      (net 16 "Net-(C13-Pad1)"))
    (model ${KISYS3DMOD}/Connector_PinHeader_2.54mm.3dshapes/PinHeader_1x03_P2.54mm_Vertical.wrl
      (at (xyz 0 0 0))
      (scale (xyz 1 1 1))
      (rotate (xyz 0 0 0))
    )
  )

  (module Capacitor_SMD:C_0805_2012Metric (layer F.Cu) (tedit 5F68FEEE) (tstamp 601B163B)
    (at 133.35 99.06 90)
    (descr "Capacitor SMD 0805 (2012 Metric), square (rectangular) end terminal, IPC_7351 nominal, (Body size source: IPC-SM-782 page 76, https://www.pcb-3d.com/wordpress/wp-content/uploads/ipc-sm-782a_amendment_1_and_2.pdf, https://docs.google.com/spreadsheets/d/1BsfQQcO9C6DZCsRaXUlFlo91Tg2WpOkGARC1WS5S8t0/edit?usp=sharing), generated with kicad-footprint-generator")
    (tags capacitor)
    (path /60186C0E)
    (attr smd)
    (fp_text reference C5 (at 0 -1.68 90) (layer F.SilkS)
      (effects (font (size 1 1) (thickness 0.15)))
    )
    (fp_text value 22nF (at 0 1.68 90) (layer F.Fab)
      (effects (font (size 1 1) (thickness 0.15)))
    )
    (fp_line (start -1 0.625) (end -1 -0.625) (layer F.Fab) (width 0.1))
    (fp_line (start -1 -0.625) (end 1 -0.625) (layer F.Fab) (width 0.1))
    (fp_line (start 1 -0.625) (end 1 0.625) (layer F.Fab) (width 0.1))
    (fp_line (start 1 0.625) (end -1 0.625) (layer F.Fab) (width 0.1))
    (fp_line (start -0.261252 -0.735) (end 0.261252 -0.735) (layer F.SilkS) (width 0.12))
    (fp_line (start -0.261252 0.735) (end 0.261252 0.735) (layer F.SilkS) (width 0.12))
    (fp_line (start -1.7 0.98) (end -1.7 -0.98) (layer F.CrtYd) (width 0.05))
    (fp_line (start -1.7 -0.98) (end 1.7 -0.98) (layer F.CrtYd) (width 0.05))
    (fp_line (start 1.7 -0.98) (end 1.7 0.98) (layer F.CrtYd) (width 0.05))
    (fp_line (start 1.7 0.98) (end -1.7 0.98) (layer F.CrtYd) (width 0.05))
    (fp_text user %R (at 0 0 90) (layer F.Fab)
      (effects (font (size 0.5 0.5) (thickness 0.08)))
    )
    (pad 1 smd roundrect (at -0.95 0 90) (size 1 1.45) (layers F.Cu F.Paste F.Mask) (roundrect_rratio 0.25)
      (net 2 GND))
    (pad 2 smd roundrect (at 0.95 0 90) (size 1 1.45) (layers F.Cu F.Paste F.Mask) (roundrect_rratio 0.25)
      (net 5 "Net-(C5-Pad2)"))
    (model ${KISYS3DMOD}/Capacitor_SMD.3dshapes/C_0805_2012Metric.wrl
      (at (xyz 0 0 0))
      (scale (xyz 1 1 1))
      (rotate (xyz 0 0 0))
    )
  )

  (module OPA2350UA:SOIC127P600X175-8N (layer F.Cu) (tedit 60154BD3) (tstamp 601B16FF)
    (at 144.78 105.41 270)
    (descr D0008A)
    (tags "Integrated Circuit")
    (path /6015B811)
    (attr smd)
    (fp_text reference IC2 (at 0 0 90) (layer F.SilkS)
      (effects (font (size 1.27 1.27) (thickness 0.254)))
    )
    (fp_text value OPA2350UA (at 0 0 90) (layer F.SilkS) hide
      (effects (font (size 1.27 1.27) (thickness 0.254)))
    )
    (fp_line (start -3.475 -2.58) (end -1.948 -2.58) (layer F.SilkS) (width 0.2))
    (fp_line (start -1.598 2.452) (end -1.598 -2.452) (layer F.SilkS) (width 0.2))
    (fp_line (start 1.598 2.452) (end -1.598 2.452) (layer F.SilkS) (width 0.2))
    (fp_line (start 1.598 -2.452) (end 1.598 2.452) (layer F.SilkS) (width 0.2))
    (fp_line (start -1.598 -2.452) (end 1.598 -2.452) (layer F.SilkS) (width 0.2))
    (fp_line (start -1.948 -1.182) (end -0.678 -2.452) (layer Dwgs.User) (width 0.1))
    (fp_line (start -1.948 2.452) (end -1.948 -2.452) (layer Dwgs.User) (width 0.1))
    (fp_line (start 1.948 2.452) (end -1.948 2.452) (layer Dwgs.User) (width 0.1))
    (fp_line (start 1.948 -2.452) (end 1.948 2.452) (layer Dwgs.User) (width 0.1))
    (fp_line (start -1.948 -2.452) (end 1.948 -2.452) (layer Dwgs.User) (width 0.1))
    (fp_line (start -3.725 2.75) (end -3.725 -2.75) (layer Dwgs.User) (width 0.05))
    (fp_line (start 3.725 2.75) (end -3.725 2.75) (layer Dwgs.User) (width 0.05))
    (fp_line (start 3.725 -2.75) (end 3.725 2.75) (layer Dwgs.User) (width 0.05))
    (fp_line (start -3.725 -2.75) (end 3.725 -2.75) (layer Dwgs.User) (width 0.05))
    (pad 1 smd rect (at -2.711 -1.905) (size 0.65 1.528) (layers F.Cu F.Paste F.Mask)
      (net 9 "Net-(C9-Pad1)"))
    (pad 2 smd rect (at -2.711 -0.635) (size 0.65 1.528) (layers F.Cu F.Paste F.Mask)
      (net 10 "Net-(C9-Pad2)"))
    (pad 3 smd rect (at -2.711 0.635) (size 0.65 1.528) (layers F.Cu F.Paste F.Mask)
      (net 23 "Net-(IC2-Pad3)"))
    (pad 4 smd rect (at -2.711 1.905) (size 0.65 1.528) (layers F.Cu F.Paste F.Mask)
      (net 2 GND))
    (pad 5 smd rect (at 2.711 1.905) (size 0.65 1.528) (layers F.Cu F.Paste F.Mask)
      (net 24 "Net-(IC2-Pad5)"))
    (pad 6 smd rect (at 2.711 0.635) (size 0.65 1.528) (layers F.Cu F.Paste F.Mask)
      (net 12 "Net-(C10-Pad1)"))
    (pad 7 smd rect (at 2.711 -0.635) (size 0.65 1.528) (layers F.Cu F.Paste F.Mask)
      (net 11 "Net-(C10-Pad2)"))
    (pad 8 smd rect (at 2.711 -1.905) (size 0.65 1.528) (layers F.Cu F.Paste F.Mask)
      (net 13 VAA))
  )

  (module Capacitor_SMD:C_0805_2012Metric (layer F.Cu) (tedit 5F68FEEE) (tstamp 601DBE2D)
    (at 111.76 111.252 180)
    (descr "Capacitor SMD 0805 (2012 Metric), square (rectangular) end terminal, IPC_7351 nominal, (Body size source: IPC-SM-782 page 76, https://www.pcb-3d.com/wordpress/wp-content/uploads/ipc-sm-782a_amendment_1_and_2.pdf, https://docs.google.com/spreadsheets/d/1BsfQQcO9C6DZCsRaXUlFlo91Tg2WpOkGARC1WS5S8t0/edit?usp=sharing), generated with kicad-footprint-generator")
    (tags capacitor)
    (path /602591A6)
    (attr smd)
    (fp_text reference C1 (at 0 -1.68) (layer F.SilkS)
      (effects (font (size 1 1) (thickness 0.15)))
    )
    (fp_text value 100nF (at 0 1.68) (layer F.Fab)
      (effects (font (size 1 1) (thickness 0.15)))
    )
    (fp_line (start -1 0.625) (end -1 -0.625) (layer F.Fab) (width 0.1))
    (fp_line (start -1 -0.625) (end 1 -0.625) (layer F.Fab) (width 0.1))
    (fp_line (start 1 -0.625) (end 1 0.625) (layer F.Fab) (width 0.1))
    (fp_line (start 1 0.625) (end -1 0.625) (layer F.Fab) (width 0.1))
    (fp_line (start -0.261252 -0.735) (end 0.261252 -0.735) (layer F.SilkS) (width 0.12))
    (fp_line (start -0.261252 0.735) (end 0.261252 0.735) (layer F.SilkS) (width 0.12))
    (fp_line (start -1.7 0.98) (end -1.7 -0.98) (layer F.CrtYd) (width 0.05))
    (fp_line (start -1.7 -0.98) (end 1.7 -0.98) (layer F.CrtYd) (width 0.05))
    (fp_line (start 1.7 -0.98) (end 1.7 0.98) (layer F.CrtYd) (width 0.05))
    (fp_line (start 1.7 0.98) (end -1.7 0.98) (layer F.CrtYd) (width 0.05))
    (fp_text user %R (at 0 0) (layer F.Fab)
      (effects (font (size 0.5 0.5) (thickness 0.08)))
    )
    (pad 1 smd roundrect (at -0.95 0 180) (size 1 1.45) (layers F.Cu F.Paste F.Mask) (roundrect_rratio 0.25)
      (net 1 "Net-(C1-Pad1)"))
    (pad 2 smd roundrect (at 0.95 0 180) (size 1 1.45) (layers F.Cu F.Paste F.Mask) (roundrect_rratio 0.25)
      (net 2 GND))
    (model ${KISYS3DMOD}/Capacitor_SMD.3dshapes/C_0805_2012Metric.wrl
      (at (xyz 0 0 0))
      (scale (xyz 1 1 1))
      (rotate (xyz 0 0 0))
    )
  )

  (module Capacitor_SMD:C_0805_2012Metric (layer F.Cu) (tedit 5F68FEEE) (tstamp 601DBDFD)
    (at 111.76 115.824 180)
    (descr "Capacitor SMD 0805 (2012 Metric), square (rectangular) end terminal, IPC_7351 nominal, (Body size source: IPC-SM-782 page 76, https://www.pcb-3d.com/wordpress/wp-content/uploads/ipc-sm-782a_amendment_1_and_2.pdf, https://docs.google.com/spreadsheets/d/1BsfQQcO9C6DZCsRaXUlFlo91Tg2WpOkGARC1WS5S8t0/edit?usp=sharing), generated with kicad-footprint-generator")
    (tags capacitor)
    (path /6025A15C)
    (attr smd)
    (fp_text reference C2 (at 0 -1.68) (layer F.SilkS)
      (effects (font (size 1 1) (thickness 0.15)))
    )
    (fp_text value 10nF (at 0 1.68) (layer F.Fab)
      (effects (font (size 1 1) (thickness 0.15)))
    )
    (fp_line (start 1.7 0.98) (end -1.7 0.98) (layer F.CrtYd) (width 0.05))
    (fp_line (start 1.7 -0.98) (end 1.7 0.98) (layer F.CrtYd) (width 0.05))
    (fp_line (start -1.7 -0.98) (end 1.7 -0.98) (layer F.CrtYd) (width 0.05))
    (fp_line (start -1.7 0.98) (end -1.7 -0.98) (layer F.CrtYd) (width 0.05))
    (fp_line (start -0.261252 0.735) (end 0.261252 0.735) (layer F.SilkS) (width 0.12))
    (fp_line (start -0.261252 -0.735) (end 0.261252 -0.735) (layer F.SilkS) (width 0.12))
    (fp_line (start 1 0.625) (end -1 0.625) (layer F.Fab) (width 0.1))
    (fp_line (start 1 -0.625) (end 1 0.625) (layer F.Fab) (width 0.1))
    (fp_line (start -1 -0.625) (end 1 -0.625) (layer F.Fab) (width 0.1))
    (fp_line (start -1 0.625) (end -1 -0.625) (layer F.Fab) (width 0.1))
    (fp_text user %R (at 0 0) (layer F.Fab)
      (effects (font (size 0.5 0.5) (thickness 0.08)))
    )
    (pad 2 smd roundrect (at 0.95 0 180) (size 1 1.45) (layers F.Cu F.Paste F.Mask) (roundrect_rratio 0.25)
      (net 2 GND))
    (pad 1 smd roundrect (at -0.95 0 180) (size 1 1.45) (layers F.Cu F.Paste F.Mask) (roundrect_rratio 0.25)
      (net 1 "Net-(C1-Pad1)"))
    (model ${KISYS3DMOD}/Capacitor_SMD.3dshapes/C_0805_2012Metric.wrl
      (at (xyz 0 0 0))
      (scale (xyz 1 1 1))
      (rotate (xyz 0 0 0))
    )
  )

  (module Capacitor_SMD:C_0805_2012Metric (layer F.Cu) (tedit 5F68FEEE) (tstamp 601DBDCD)
    (at 120.65 114.935 90)
    (descr "Capacitor SMD 0805 (2012 Metric), square (rectangular) end terminal, IPC_7351 nominal, (Body size source: IPC-SM-782 page 76, https://www.pcb-3d.com/wordpress/wp-content/uploads/ipc-sm-782a_amendment_1_and_2.pdf, https://docs.google.com/spreadsheets/d/1BsfQQcO9C6DZCsRaXUlFlo91Tg2WpOkGARC1WS5S8t0/edit?usp=sharing), generated with kicad-footprint-generator")
    (tags capacitor)
    (path /60258686)
    (attr smd)
    (fp_text reference C3 (at -2.54 0 180) (layer F.SilkS)
      (effects (font (size 1 1) (thickness 0.15)))
    )
    (fp_text value 100nF (at 0 1.68 90) (layer F.Fab)
      (effects (font (size 1 1) (thickness 0.15)))
    )
    (fp_line (start 1.7 0.98) (end -1.7 0.98) (layer F.CrtYd) (width 0.05))
    (fp_line (start 1.7 -0.98) (end 1.7 0.98) (layer F.CrtYd) (width 0.05))
    (fp_line (start -1.7 -0.98) (end 1.7 -0.98) (layer F.CrtYd) (width 0.05))
    (fp_line (start -1.7 0.98) (end -1.7 -0.98) (layer F.CrtYd) (width 0.05))
    (fp_line (start -0.261252 0.735) (end 0.261252 0.735) (layer F.SilkS) (width 0.12))
    (fp_line (start -0.261252 -0.735) (end 0.261252 -0.735) (layer F.SilkS) (width 0.12))
    (fp_line (start 1 0.625) (end -1 0.625) (layer F.Fab) (width 0.1))
    (fp_line (start 1 -0.625) (end 1 0.625) (layer F.Fab) (width 0.1))
    (fp_line (start -1 -0.625) (end 1 -0.625) (layer F.Fab) (width 0.1))
    (fp_line (start -1 0.625) (end -1 -0.625) (layer F.Fab) (width 0.1))
    (fp_text user %R (at 0 0 90) (layer F.Fab)
      (effects (font (size 0.5 0.5) (thickness 0.08)))
    )
    (pad 2 smd roundrect (at 0.95 0 90) (size 1 1.45) (layers F.Cu F.Paste F.Mask) (roundrect_rratio 0.25)
      (net 2 GND))
    (pad 1 smd roundrect (at -0.95 0 90) (size 1 1.45) (layers F.Cu F.Paste F.Mask) (roundrect_rratio 0.25)
      (net 3 "Net-(C3-Pad1)"))
    (model ${KISYS3DMOD}/Capacitor_SMD.3dshapes/C_0805_2012Metric.wrl
      (at (xyz 0 0 0))
      (scale (xyz 1 1 1))
      (rotate (xyz 0 0 0))
    )
  )

  (module Capacitor_SMD:C_0805_2012Metric (layer F.Cu) (tedit 5F68FEEE) (tstamp 601B162A)
    (at 130.175 109.855 180)
    (descr "Capacitor SMD 0805 (2012 Metric), square (rectangular) end terminal, IPC_7351 nominal, (Body size source: IPC-SM-782 page 76, https://www.pcb-3d.com/wordpress/wp-content/uploads/ipc-sm-782a_amendment_1_and_2.pdf, https://docs.google.com/spreadsheets/d/1BsfQQcO9C6DZCsRaXUlFlo91Tg2WpOkGARC1WS5S8t0/edit?usp=sharing), generated with kicad-footprint-generator")
    (tags capacitor)
    (path /602A07EC)
    (attr smd)
    (fp_text reference C4 (at 1.27 -1.68) (layer F.SilkS)
      (effects (font (size 1 1) (thickness 0.15)))
    )
    (fp_text value 100nF (at 0 1.68) (layer F.Fab)
      (effects (font (size 1 1) (thickness 0.15)))
    )
    (fp_line (start 1.7 0.98) (end -1.7 0.98) (layer F.CrtYd) (width 0.05))
    (fp_line (start 1.7 -0.98) (end 1.7 0.98) (layer F.CrtYd) (width 0.05))
    (fp_line (start -1.7 -0.98) (end 1.7 -0.98) (layer F.CrtYd) (width 0.05))
    (fp_line (start -1.7 0.98) (end -1.7 -0.98) (layer F.CrtYd) (width 0.05))
    (fp_line (start -0.261252 0.735) (end 0.261252 0.735) (layer F.SilkS) (width 0.12))
    (fp_line (start -0.261252 -0.735) (end 0.261252 -0.735) (layer F.SilkS) (width 0.12))
    (fp_line (start 1 0.625) (end -1 0.625) (layer F.Fab) (width 0.1))
    (fp_line (start 1 -0.625) (end 1 0.625) (layer F.Fab) (width 0.1))
    (fp_line (start -1 -0.625) (end 1 -0.625) (layer F.Fab) (width 0.1))
    (fp_line (start -1 0.625) (end -1 -0.625) (layer F.Fab) (width 0.1))
    (fp_text user %R (at 0 0) (layer F.Fab)
      (effects (font (size 0.5 0.5) (thickness 0.08)))
    )
    (pad 2 smd roundrect (at 0.95 0 180) (size 1 1.45) (layers F.Cu F.Paste F.Mask) (roundrect_rratio 0.25)
      (net 4 VCC))
    (pad 1 smd roundrect (at -0.95 0 180) (size 1 1.45) (layers F.Cu F.Paste F.Mask) (roundrect_rratio 0.25)
      (net 2 GND))
    (model ${KISYS3DMOD}/Capacitor_SMD.3dshapes/C_0805_2012Metric.wrl
      (at (xyz 0 0 0))
      (scale (xyz 1 1 1))
      (rotate (xyz 0 0 0))
    )
  )

  (module Capacitor_SMD:C_0805_2012Metric (layer F.Cu) (tedit 5F68FEEE) (tstamp 601B164C)
    (at 133.35 112.014 90)
    (descr "Capacitor SMD 0805 (2012 Metric), square (rectangular) end terminal, IPC_7351 nominal, (Body size source: IPC-SM-782 page 76, https://www.pcb-3d.com/wordpress/wp-content/uploads/ipc-sm-782a_amendment_1_and_2.pdf, https://docs.google.com/spreadsheets/d/1BsfQQcO9C6DZCsRaXUlFlo91Tg2WpOkGARC1WS5S8t0/edit?usp=sharing), generated with kicad-footprint-generator")
    (tags capacitor)
    (path /60187A47)
    (attr smd)
    (fp_text reference C6 (at 0 -1.68 90) (layer F.SilkS)
      (effects (font (size 1 1) (thickness 0.15)))
    )
    (fp_text value 22nF (at 0 1.68 90) (layer F.Fab)
      (effects (font (size 1 1) (thickness 0.15)))
    )
    (fp_line (start -1 0.625) (end -1 -0.625) (layer F.Fab) (width 0.1))
    (fp_line (start -1 -0.625) (end 1 -0.625) (layer F.Fab) (width 0.1))
    (fp_line (start 1 -0.625) (end 1 0.625) (layer F.Fab) (width 0.1))
    (fp_line (start 1 0.625) (end -1 0.625) (layer F.Fab) (width 0.1))
    (fp_line (start -0.261252 -0.735) (end 0.261252 -0.735) (layer F.SilkS) (width 0.12))
    (fp_line (start -0.261252 0.735) (end 0.261252 0.735) (layer F.SilkS) (width 0.12))
    (fp_line (start -1.7 0.98) (end -1.7 -0.98) (layer F.CrtYd) (width 0.05))
    (fp_line (start -1.7 -0.98) (end 1.7 -0.98) (layer F.CrtYd) (width 0.05))
    (fp_line (start 1.7 -0.98) (end 1.7 0.98) (layer F.CrtYd) (width 0.05))
    (fp_line (start 1.7 0.98) (end -1.7 0.98) (layer F.CrtYd) (width 0.05))
    (fp_text user %R (at 0 0 90) (layer F.Fab)
      (effects (font (size 0.5 0.5) (thickness 0.08)))
    )
    (pad 1 smd roundrect (at -0.95 0 90) (size 1 1.45) (layers F.Cu F.Paste F.Mask) (roundrect_rratio 0.25)
      (net 6 "Net-(C6-Pad1)"))
    (pad 2 smd roundrect (at 0.95 0 90) (size 1 1.45) (layers F.Cu F.Paste F.Mask) (roundrect_rratio 0.25)
      (net 2 GND))
    (model ${KISYS3DMOD}/Capacitor_SMD.3dshapes/C_0805_2012Metric.wrl
      (at (xyz 0 0 0))
      (scale (xyz 1 1 1))
      (rotate (xyz 0 0 0))
    )
  )

  (module Capacitor_SMD:C_0805_2012Metric (layer F.Cu) (tedit 5F68FEEE) (tstamp 601B165D)
    (at 133.35 103.505 90)
    (descr "Capacitor SMD 0805 (2012 Metric), square (rectangular) end terminal, IPC_7351 nominal, (Body size source: IPC-SM-782 page 76, https://www.pcb-3d.com/wordpress/wp-content/uploads/ipc-sm-782a_amendment_1_and_2.pdf, https://docs.google.com/spreadsheets/d/1BsfQQcO9C6DZCsRaXUlFlo91Tg2WpOkGARC1WS5S8t0/edit?usp=sharing), generated with kicad-footprint-generator")
    (tags capacitor)
    (path /60184D0E)
    (attr smd)
    (fp_text reference C7 (at 0 -1.68 90) (layer F.SilkS)
      (effects (font (size 1 1) (thickness 0.15)))
    )
    (fp_text value 22nF (at 0 1.68 90) (layer F.Fab)
      (effects (font (size 1 1) (thickness 0.15)))
    )
    (fp_line (start 1.7 0.98) (end -1.7 0.98) (layer F.CrtYd) (width 0.05))
    (fp_line (start 1.7 -0.98) (end 1.7 0.98) (layer F.CrtYd) (width 0.05))
    (fp_line (start -1.7 -0.98) (end 1.7 -0.98) (layer F.CrtYd) (width 0.05))
    (fp_line (start -1.7 0.98) (end -1.7 -0.98) (layer F.CrtYd) (width 0.05))
    (fp_line (start -0.261252 0.735) (end 0.261252 0.735) (layer F.SilkS) (width 0.12))
    (fp_line (start -0.261252 -0.735) (end 0.261252 -0.735) (layer F.SilkS) (width 0.12))
    (fp_line (start 1 0.625) (end -1 0.625) (layer F.Fab) (width 0.1))
    (fp_line (start 1 -0.625) (end 1 0.625) (layer F.Fab) (width 0.1))
    (fp_line (start -1 -0.625) (end 1 -0.625) (layer F.Fab) (width 0.1))
    (fp_line (start -1 0.625) (end -1 -0.625) (layer F.Fab) (width 0.1))
    (fp_text user %R (at 0 0 90) (layer F.Fab)
      (effects (font (size 0.5 0.5) (thickness 0.08)))
    )
    (pad 2 smd roundrect (at 0.95 0 90) (size 1 1.45) (layers F.Cu F.Paste F.Mask) (roundrect_rratio 0.25)
      (net 7 "Net-(C7-Pad2)"))
    (pad 1 smd roundrect (at -0.95 0 90) (size 1 1.45) (layers F.Cu F.Paste F.Mask) (roundrect_rratio 0.25)
      (net 2 GND))
    (model ${KISYS3DMOD}/Capacitor_SMD.3dshapes/C_0805_2012Metric.wrl
      (at (xyz 0 0 0))
      (scale (xyz 1 1 1))
      (rotate (xyz 0 0 0))
    )
  )

  (module Capacitor_SMD:C_0805_2012Metric (layer F.Cu) (tedit 5F68FEEE) (tstamp 601B166E)
    (at 133.35 107.696 90)
    (descr "Capacitor SMD 0805 (2012 Metric), square (rectangular) end terminal, IPC_7351 nominal, (Body size source: IPC-SM-782 page 76, https://www.pcb-3d.com/wordpress/wp-content/uploads/ipc-sm-782a_amendment_1_and_2.pdf, https://docs.google.com/spreadsheets/d/1BsfQQcO9C6DZCsRaXUlFlo91Tg2WpOkGARC1WS5S8t0/edit?usp=sharing), generated with kicad-footprint-generator")
    (tags capacitor)
    (path /60187327)
    (attr smd)
    (fp_text reference C8 (at 0 -1.68 90) (layer F.SilkS)
      (effects (font (size 1 1) (thickness 0.15)))
    )
    (fp_text value 22nF (at 0 1.68 90) (layer F.Fab)
      (effects (font (size 1 1) (thickness 0.15)))
    )
    (fp_line (start -1 0.625) (end -1 -0.625) (layer F.Fab) (width 0.1))
    (fp_line (start -1 -0.625) (end 1 -0.625) (layer F.Fab) (width 0.1))
    (fp_line (start 1 -0.625) (end 1 0.625) (layer F.Fab) (width 0.1))
    (fp_line (start 1 0.625) (end -1 0.625) (layer F.Fab) (width 0.1))
    (fp_line (start -0.261252 -0.735) (end 0.261252 -0.735) (layer F.SilkS) (width 0.12))
    (fp_line (start -0.261252 0.735) (end 0.261252 0.735) (layer F.SilkS) (width 0.12))
    (fp_line (start -1.7 0.98) (end -1.7 -0.98) (layer F.CrtYd) (width 0.05))
    (fp_line (start -1.7 -0.98) (end 1.7 -0.98) (layer F.CrtYd) (width 0.05))
    (fp_line (start 1.7 -0.98) (end 1.7 0.98) (layer F.CrtYd) (width 0.05))
    (fp_line (start 1.7 0.98) (end -1.7 0.98) (layer F.CrtYd) (width 0.05))
    (fp_text user %R (at 0 0 90) (layer F.Fab)
      (effects (font (size 0.5 0.5) (thickness 0.08)))
    )
    (pad 1 smd roundrect (at -0.95 0 90) (size 1 1.45) (layers F.Cu F.Paste F.Mask) (roundrect_rratio 0.25)
      (net 8 "Net-(C8-Pad1)"))
    (pad 2 smd roundrect (at 0.95 0 90) (size 1 1.45) (layers F.Cu F.Paste F.Mask) (roundrect_rratio 0.25)
      (net 2 GND))
    (model ${KISYS3DMOD}/Capacitor_SMD.3dshapes/C_0805_2012Metric.wrl
      (at (xyz 0 0 0))
      (scale (xyz 1 1 1))
      (rotate (xyz 0 0 0))
    )
  )

  (module Capacitor_SMD:C_0805_2012Metric (layer F.Cu) (tedit 5F68FEEE) (tstamp 601B167F)
    (at 139.7 99.06 270)
    (descr "Capacitor SMD 0805 (2012 Metric), square (rectangular) end terminal, IPC_7351 nominal, (Body size source: IPC-SM-782 page 76, https://www.pcb-3d.com/wordpress/wp-content/uploads/ipc-sm-782a_amendment_1_and_2.pdf, https://docs.google.com/spreadsheets/d/1BsfQQcO9C6DZCsRaXUlFlo91Tg2WpOkGARC1WS5S8t0/edit?usp=sharing), generated with kicad-footprint-generator")
    (tags capacitor)
    (path /601BB3BE)
    (attr smd)
    (fp_text reference C9 (at 0 -1.68 90) (layer F.SilkS)
      (effects (font (size 1 1) (thickness 0.15)))
    )
    (fp_text value 390 (at 0 1.68 90) (layer F.Fab)
      (effects (font (size 1 1) (thickness 0.15)))
    )
    (fp_line (start -1 0.625) (end -1 -0.625) (layer F.Fab) (width 0.1))
    (fp_line (start -1 -0.625) (end 1 -0.625) (layer F.Fab) (width 0.1))
    (fp_line (start 1 -0.625) (end 1 0.625) (layer F.Fab) (width 0.1))
    (fp_line (start 1 0.625) (end -1 0.625) (layer F.Fab) (width 0.1))
    (fp_line (start -0.261252 -0.735) (end 0.261252 -0.735) (layer F.SilkS) (width 0.12))
    (fp_line (start -0.261252 0.735) (end 0.261252 0.735) (layer F.SilkS) (width 0.12))
    (fp_line (start -1.7 0.98) (end -1.7 -0.98) (layer F.CrtYd) (width 0.05))
    (fp_line (start -1.7 -0.98) (end 1.7 -0.98) (layer F.CrtYd) (width 0.05))
    (fp_line (start 1.7 -0.98) (end 1.7 0.98) (layer F.CrtYd) (width 0.05))
    (fp_line (start 1.7 0.98) (end -1.7 0.98) (layer F.CrtYd) (width 0.05))
    (fp_text user %R (at 0 0 90) (layer F.Fab)
      (effects (font (size 0.5 0.5) (thickness 0.08)))
    )
    (pad 1 smd roundrect (at -0.95 0 270) (size 1 1.45) (layers F.Cu F.Paste F.Mask) (roundrect_rratio 0.25)
      (net 9 "Net-(C9-Pad1)"))
    (pad 2 smd roundrect (at 0.95 0 270) (size 1 1.45) (layers F.Cu F.Paste F.Mask) (roundrect_rratio 0.25)
      (net 10 "Net-(C9-Pad2)"))
    (model ${KISYS3DMOD}/Capacitor_SMD.3dshapes/C_0805_2012Metric.wrl
      (at (xyz 0 0 0))
      (scale (xyz 1 1 1))
      (rotate (xyz 0 0 0))
    )
  )

  (module Capacitor_SMD:C_0805_2012Metric (layer F.Cu) (tedit 5F68FEEE) (tstamp 601B1690)
    (at 139.7 112.075 270)
    (descr "Capacitor SMD 0805 (2012 Metric), square (rectangular) end terminal, IPC_7351 nominal, (Body size source: IPC-SM-782 page 76, https://www.pcb-3d.com/wordpress/wp-content/uploads/ipc-sm-782a_amendment_1_and_2.pdf, https://docs.google.com/spreadsheets/d/1BsfQQcO9C6DZCsRaXUlFlo91Tg2WpOkGARC1WS5S8t0/edit?usp=sharing), generated with kicad-footprint-generator")
    (tags capacitor)
    (path /601C8840)
    (attr smd)
    (fp_text reference C10 (at 0 -1.68 90) (layer F.SilkS)
      (effects (font (size 1 1) (thickness 0.15)))
    )
    (fp_text value 390 (at 0 1.68 90) (layer F.Fab)
      (effects (font (size 1 1) (thickness 0.15)))
    )
    (fp_line (start 1.7 0.98) (end -1.7 0.98) (layer F.CrtYd) (width 0.05))
    (fp_line (start 1.7 -0.98) (end 1.7 0.98) (layer F.CrtYd) (width 0.05))
    (fp_line (start -1.7 -0.98) (end 1.7 -0.98) (layer F.CrtYd) (width 0.05))
    (fp_line (start -1.7 0.98) (end -1.7 -0.98) (layer F.CrtYd) (width 0.05))
    (fp_line (start -0.261252 0.735) (end 0.261252 0.735) (layer F.SilkS) (width 0.12))
    (fp_line (start -0.261252 -0.735) (end 0.261252 -0.735) (layer F.SilkS) (width 0.12))
    (fp_line (start 1 0.625) (end -1 0.625) (layer F.Fab) (width 0.1))
    (fp_line (start 1 -0.625) (end 1 0.625) (layer F.Fab) (width 0.1))
    (fp_line (start -1 -0.625) (end 1 -0.625) (layer F.Fab) (width 0.1))
    (fp_line (start -1 0.625) (end -1 -0.625) (layer F.Fab) (width 0.1))
    (fp_text user %R (at 0 0 90) (layer F.Fab)
      (effects (font (size 0.5 0.5) (thickness 0.08)))
    )
    (pad 2 smd roundrect (at 0.95 0 270) (size 1 1.45) (layers F.Cu F.Paste F.Mask) (roundrect_rratio 0.25)
      (net 11 "Net-(C10-Pad2)"))
    (pad 1 smd roundrect (at -0.95 0 270) (size 1 1.45) (layers F.Cu F.Paste F.Mask) (roundrect_rratio 0.25)
      (net 12 "Net-(C10-Pad1)"))
    (model ${KISYS3DMOD}/Capacitor_SMD.3dshapes/C_0805_2012Metric.wrl
      (at (xyz 0 0 0))
      (scale (xyz 1 1 1))
      (rotate (xyz 0 0 0))
    )
  )

  (module Capacitor_SMD:C_0805_2012Metric (layer F.Cu) (tedit 5F68FEEE) (tstamp 601B16A1)
    (at 149.352 109.22 90)
    (descr "Capacitor SMD 0805 (2012 Metric), square (rectangular) end terminal, IPC_7351 nominal, (Body size source: IPC-SM-782 page 76, https://www.pcb-3d.com/wordpress/wp-content/uploads/ipc-sm-782a_amendment_1_and_2.pdf, https://docs.google.com/spreadsheets/d/1BsfQQcO9C6DZCsRaXUlFlo91Tg2WpOkGARC1WS5S8t0/edit?usp=sharing), generated with kicad-footprint-generator")
    (tags capacitor)
    (path /6015D74E)
    (attr smd)
    (fp_text reference C11 (at 2.855 0 180) (layer F.SilkS)
      (effects (font (size 1 1) (thickness 0.15)))
    )
    (fp_text value 100nF (at 0 1.68 90) (layer F.Fab)
      (effects (font (size 1 1) (thickness 0.15)))
    )
    (fp_line (start -1 0.625) (end -1 -0.625) (layer F.Fab) (width 0.1))
    (fp_line (start -1 -0.625) (end 1 -0.625) (layer F.Fab) (width 0.1))
    (fp_line (start 1 -0.625) (end 1 0.625) (layer F.Fab) (width 0.1))
    (fp_line (start 1 0.625) (end -1 0.625) (layer F.Fab) (width 0.1))
